0100101001 
0100101002 
0100201001 
0100201002 
0100201003 
0100201004 
0100201005 
0100201006 
0100201007 
0100301001 
0100401001 
0100601001 
0100801001 
0100901001 
0101001001 
0101001002 
0101101001 
0101301001 
0101401001 
0101601001 
0101701001 
0101801001 
0101901001 
0102001001 
0102101001 
0102201001 
0102301001 
0102701001 
0102801001 
0103001001 
0103101001 
0103201001 
0103301001 
0103401001 
0103601001 
0103601002 
0103601003 
0103601004 
0103601005 
0103601006 
0103601007 
0103601008 
0103601009 
0103601010 
0103601011 
0103601012 
01